phase,preprocessing nodes removed,preprocessing edges removed,cut-graph nodes,cut-graph edges,cut-graph size,#partitions
1,17,16,11351,1038500,5516120,109
2,1,1,11350,1028548,5476192,109
3,6,6,11341,1018111,5433364,108
4,20,20,11321,1008283,5391652,107
5,1,1,11320,998560,5352640,106
6,1,1,11319,988586,5312624,105
7,9,9,11310,978849,5272596,105
8,6,6,11303,968822,5231648,104
9,7,7,11296,959099,5191916,103
10,4,4,11292,949430,5152760,102
11,3,3,11289,939789,5113836,101
12,4,4,11285,929939,5073956,101
13,2,2,11283,920232,5034888,100
14,2,2,11281,910598,4996112,99
15,6,6,11275,900873,4956492,98
16,6,6,11269,891235,4917220,98
17,3,3,11266,881727,4878828,97
18,8,8,11258,872029,4839076,96
19,5,5,11253,862290,4799520,95
20,3,3,11250,852787,4761148,94
21,2,2,11248,843206,4722584,94
22,5,5,11243,833583,4683492,93
23,5,5,11238,824256,4645584,92
24,2,2,11236,814601,4606724,91
25,4,4,11232,805087,4568188,91
26,7,7,11224,795823,4530172,90
27,8,8,11216,786375,4491420,89
28,5,5,11210,777004,4453216,88
29,3,3,11207,767637,4415388,88
30,2,2,11205,758183,4377332,87
31,3,3,11202,748788,4339392,86
32,4,4,11198,739453,4301572,85
33,4,4,11194,730255,4264300,85
34,3,3,11191,721287,4228068,84
35,5,5,11186,712349,4191716,83
36,1,1,11185,703420,4155880,83
37,6,6,11179,694739,4120436,82
38,7,7,11172,685812,4083888,81
39,5,4,11167,676960,4047880,80
40,4,4,11163,668247,4012548,80
41,6,6,11157,659409,3976476,79
42,5,5,11152,650824,3941536,78
43,5,5,11147,641917,3905308,78
44,4,4,11143,633209,3869996,77
45,5,5,11137,624710,3835280,76
46,5,5,11131,616116,3800184,76
47,2,2,11129,607696,3766264,75
48,7,7,11122,599125,3731140,74
49,9,9,11113,590527,3695668,73
50,10,10,11103,581970,3660240,73
51,5,5,11097,573418,3625312,72
52,6,6,11091,564875,3590420,71
53,9,9,11082,556553,3556052,71
54,9,9,11073,548173,3521452,70
55,8,8,11065,539880,3487320,69
56,2,2,11063,531765,3454620,69
57,5,5,11058,523253,3419972,68
58,11,11,11047,514861,3385084,67
59,7,7,11040,507044,3352976,67
60,5,5,11035,499396,3321784,66
61,5,5,11030,491559,3289836,66
62,8,8,11022,483912,3258288,65
63,12,12,11010,476128,3225712,64
64,12,12,10998,468570,3194040,64
65,5,5,10993,461044,3163336,63
66,9,9,10984,453566,3132344,62
67,11,11,10973,446159,3101396,62
68,10,10,10963,438676,3070264,61
69,11,11,10952,431361,3039684,61
70,4,4,10948,424014,3009816,60
71,10,10,10938,416884,2980096,59
72,7,7,10931,409766,2950784,59
73,10,10,10921,402567,2920788,58
74,7,7,10913,395294,2890736,58
75,9,9,10904,388210,2861320,57
76,9,9,10895,381191,2832164,56
77,11,11,10884,374143,2802652,56
78,12,12,10872,367051,2772844,55
79,7,7,10865,359973,2743692,55
80,7,7,10858,353148,2715552,54
81,10,10,10848,347141,2690324,54
82,3,3,10844,340474,2663176,53
83,5,5,10839,333959,2636516,53
84,11,11,10828,327583,2609692,52
85,7,7,10821,321182,2583248,52
86,9,9,10812,320641,2580004,51
87,7,7,10805,314366,2554064,51
88,17,17,10788,307940,2526320,50
89,8,8,10780,302307,2502828,50
90,11,11,10768,296159,2476796,49
91,10,10,10758,289951,2450764,49
92,13,13,10745,283834,2424736,48
93,11,11,10734,281150,2412680,48
94,13,13,10721,275137,2387068,48
95,18,18,10702,269300,2361440,47
96,13,13,10689,263905,2338300,47
97,13,13,10676,258098,2313512,46
98,12,12,10664,257481,2309604,46
99,15,15,10649,251803,2285092,46
100,18,18,10630,246035,2259740,45
101,10,10,10620,245167,2255068,45
102,12,12,10607,239570,2231120,45
103,21,21,10586,236141,2214884,44
104,8,8,10577,230637,2191788,44
105,13,13,10564,228158,2180312,43
106,11,11,10553,222787,2157508,43
107,21,21,10532,218658,2138472,43
108,22,22,10510,213438,2114952,42
109,18,18,10492,212695,2109820,42
110,10,10,10482,207541,2088004,42
111,14,14,10468,203339,2069516,41
112,15,15,10453,198296,2047544,41
113,25,25,10426,193459,2024956,40
114,14,14,10412,188560,2003680,40
115,18,18,10394,188075,1999580,40
116,14,14,10380,183297,1978788,40
117,15,15,10365,178677,1958508,39
118,26,26,10339,175637,1943228,39
119,17,17,10322,170914,1922296,38
120,26,26,10296,166671,1902204,38
121,18,18,10278,162219,1882236,38
122,20,20,10258,160019,1871036,37
123,18,18,10240,159490,1866760,37
124,16,16,10223,155160,1847400,37
125,21,21,10202,152345,1833620,37
126,17,17,10184,149664,1820736,36
127,23,23,10160,145350,1800600,36
128,23,23,10137,144009,1792476,36
129,24,24,10113,140961,1777404,35
130,15,15,10098,136893,1759332,35
131,21,21,10077,133009,1741276,35
132,26,26,10051,129256,1723144,34
133,35,35,10016,125438,1703672,34
134,36,36,9979,121949,1685276,34
135,36,36,9942,118422,1666728,33
136,28,28,9913,114755,1648580,33
137,41,41,9872,111452,1630448,33
138,20,20,9852,108672,1616928,32
139,27,27,9825,105501,1601004,32
140,35,35,9789,102177,1583388,32
141,47,47,9740,99104,1565216,31
142,38,37,9700,96043,1548172,31
143,35,35,9664,93054,1531896,31
144,41,41,9623,89947,1514548,30
145,37,37,9585,86858,1497632,30
146,47,47,9537,84150,1481040,30
147,61,60,9474,81439,1462636,29
148,37,37,9437,78994,1448416,29
149,42,42,9395,76895,1434980,29
150,44,44,9349,74065,1418140,28
151,56,56,9293,71396,1400744,28
152,52,52,9239,68760,1383720,28
153,54,54,9184,66182,1366808,27
154,56,56,9126,63958,1350952,27
155,49,49,9076,61765,1336180,27
156,59,59,9016,59369,1319396,26
157,71,71,8943,57296,1302344,26
158,66,66,8876,55783,1288252,26
159,68,68,8805,53982,1272528,26
160,72,72,8731,52421,1257404,25
161,75,75,8655,51106,1243024,25
162,59,59,8594,49848,1230672,25
163,86,86,8507,48385,1214380,24
164,91,91,8415,46357,1195228,24
165,79,79,8334,44634,1178616,24
166,76,76,8255,42948,1162392,23
167,84,84,8170,41014,1144456,23
168,106,106,8063,39108,1123992,23
169,86,86,7977,37393,1106812,22
170,100,98,7876,35527,1087228,22
171,105,105,7769,33937,1068028,22
172,98,98,7668,32724,1051056,21
173,121,120,7545,31495,1031380,21
174,131,131,7412,29838,1008792,20
175,138,137,7272,28215,985500,20
176,148,146,7117,26654,960656,19
177,139,139,6971,25127,937028,19
178,167,165,6800,23576,910304,18
179,156,153,6640,22132,885328,18
180,163,163,6474,20679,859596,17
181,165,162,6302,19337,833588,17
182,168,167,6127,17979,807156,16
183,214,212,5906,16606,775144,16
184,197,196,5701,15281,745244,15
185,209,207,5481,14052,713928,15
186,233,233,5237,12832,679768,14
187,218,217,5009,11653,647692,13
188,273,269,4722,10444,608416,13
189,311,303,4398,9297,564948,12
190,271,268,4115,8195,526580,11
191,308,303,3782,7067,482108,10
192,328,324,3431,6011,435764,9
193,340,329,3038,4938,384312,8
194,375,363,2640,3939,332556,7
195,399,381,2186,2970,274200,6
196,406,390,1720,2076,214704,5
197,410,382,1238,1291,153724,4
198,409,372,703,584,86696,3
199,395,323,180,120,22080,2